{"cells":[{"metadata":{"_uuid":"8f2839f25d086af736a60e9eeb907d3b93b6e0e5","_cell_guid":"b1076dfc-b9ad-4769-8c92-a6c4dae69d19","trusted":true},"cell_type":"code","source":"# This Python 3 environment comes with many helpful analytics libraries installed\n# It is defined by the kaggle/python docker image: https://github.com/kaggle/docker-python\n# For example, here's several helpful packages to load in \n\nimport numpy as np # linear algebra\nimport pandas as pd # data processing, CSV file I/O (e.g. pd.read_csv)\n\n# Input data files are available in the \"../input/\" directory.\n# For example, running this (by clicking run or pressing Shift+Enter) will list all files under the input directory\n\nimport os\nfor dirname, _, filenames in os.walk('/kaggle/input'):\n    for filename in filenames:\n        print(os.path.join(dirname, filename))\n\n# Any results you write to the current directory are saved as output.","execution_count":null,"outputs":[]},{"metadata":{"_cell_guid":"","_uuid":"","trusted":true},"cell_type":"code","source":"import pandas as pd\ngender_submission = pd.read_csv(\"../input/titanic/gender_submission.csv\")\ntest = pd.read_csv(\"../input/titanic/test.csv\")\ntrain = pd.read_csv(\"../input/titanic/train.csv\")","execution_count":null,"outputs":[]},{"metadata":{"trusted":true},"cell_type":"code","source":"train.corr()","execution_count":22,"outputs":[{"output_type":"execute_result","execution_count":22,"data":{"text/plain":"             PassengerId  Survived    Pclass       Age     SibSp     Parch  \\\nPassengerId     1.000000 -0.005007 -0.035144  0.033207 -0.057527 -0.001652   \nSurvived       -0.005007  1.000000 -0.338481 -0.069809 -0.035322  0.081629   \nPclass         -0.035144 -0.338481  1.000000 -0.331339  0.083081  0.018443   \nAge             0.033207 -0.069809 -0.331339  1.000000 -0.232625 -0.179191   \nSibSp          -0.057527 -0.035322  0.083081 -0.232625  1.000000  0.414838   \nParch          -0.001652  0.081629  0.018443 -0.179191  0.414838  1.000000   \nFare            0.012658  0.257307 -0.549500  0.091566  0.159651  0.216225   \n\n                 Fare  \nPassengerId  0.012658  \nSurvived     0.257307  \nPclass      -0.549500  \nAge          0.091566  \nSibSp        0.159651  \nParch        0.216225  \nFare         1.000000  ","text/html":"<div>\n<style scoped>\n    .dataframe tbody tr th:only-of-type {\n        vertical-align: middle;\n    }\n\n    .dataframe tbody tr th {\n        vertical-align: top;\n    }\n\n    .dataframe thead th {\n        text-align: right;\n    }\n</style>\n<table border=\"1\" class=\"dataframe\">\n  <thead>\n    <tr style=\"text-align: right;\">\n      <th></th>\n      <th>PassengerId</th>\n      <th>Survived</th>\n      <th>Pclass</th>\n      <th>Age</th>\n      <th>SibSp</th>\n      <th>Parch</th>\n      <th>Fare</th>\n    </tr>\n  </thead>\n  <tbody>\n    <tr>\n      <th>PassengerId</th>\n      <td>1.000000</td>\n      <td>-0.005007</td>\n      <td>-0.035144</td>\n      <td>0.033207</td>\n      <td>-0.057527</td>\n      <td>-0.001652</td>\n      <td>0.012658</td>\n    </tr>\n    <tr>\n      <th>Survived</th>\n      <td>-0.005007</td>\n      <td>1.000000</td>\n      <td>-0.338481</td>\n      <td>-0.069809</td>\n      <td>-0.035322</td>\n      <td>0.081629</td>\n      <td>0.257307</td>\n    </tr>\n    <tr>\n      <th>Pclass</th>\n      <td>-0.035144</td>\n      <td>-0.338481</td>\n      <td>1.000000</td>\n      <td>-0.331339</td>\n      <td>0.083081</td>\n      <td>0.018443</td>\n      <td>-0.549500</td>\n    </tr>\n    <tr>\n      <th>Age</th>\n      <td>0.033207</td>\n      <td>-0.069809</td>\n      <td>-0.331339</td>\n      <td>1.000000</td>\n      <td>-0.232625</td>\n      <td>-0.179191</td>\n      <td>0.091566</td>\n    </tr>\n    <tr>\n      <th>SibSp</th>\n      <td>-0.057527</td>\n      <td>-0.035322</td>\n      <td>0.083081</td>\n      <td>-0.232625</td>\n      <td>1.000000</td>\n      <td>0.414838</td>\n      <td>0.159651</td>\n    </tr>\n    <tr>\n      <th>Parch</th>\n      <td>-0.001652</td>\n      <td>0.081629</td>\n      <td>0.018443</td>\n      <td>-0.179191</td>\n      <td>0.414838</td>\n      <td>1.000000</td>\n      <td>0.216225</td>\n    </tr>\n    <tr>\n      <th>Fare</th>\n      <td>0.012658</td>\n      <td>0.257307</td>\n      <td>-0.549500</td>\n      <td>0.091566</td>\n      <td>0.159651</td>\n      <td>0.216225</td>\n      <td>1.000000</td>\n    </tr>\n  </tbody>\n</table>\n</div>"},"metadata":{}}]},{"metadata":{"trusted":true},"cell_type":"code","source":"C = train.loc[train.Embarked == 'C']['Survived']\nrate_embarked_C = sum(C) / len(C)\n\nprint(\"% of people boarded at Cherbourg survived is\", rate_embarked_C)\n\nS = train.loc[train.Embarked == 'S']['Survived']\nrate_embarked_S = sum(S) / len(S)\n\nprint(\"% of people boarded at Southampton survived is\", rate_embarked_S)\n\nQ = train.loc[train.Embarked == 'Q']['Survived']\nrate_embarked_Q = sum(Q) / len(Q)\n\nprint(\"% of people boarded at Queenstown survived is\", rate_embarked_Q)\n","execution_count":21,"outputs":[{"output_type":"stream","text":"% of people boarded at Cherbourg survived is 0.5535714285714286\n% of people boarded at Southampton survived is 0.33695652173913043\n% of people boarded at Queenstown survived is 0.38961038961038963\n","name":"stdout"}]},{"metadata":{"trusted":true,"_kg_hide-input":true},"cell_type":"code","source":"train['Age'] = train['Age'].fillna(train['Age'].mean()) #Imputing missing values in Age with mean \ntest['Age'] = test['Age'].fillna(test['Age'].mean()) #Imputing missing values in Age with mean \n","execution_count":null,"outputs":[]},{"metadata":{"trusted":true},"cell_type":"code","source":"features = ['Pclass','Sex','Embarked']\nx_train = pd.get_dummies(train[features])\ny = train['Survived']\nx_test = pd.get_dummies(test[features])\n","execution_count":null,"outputs":[]},{"metadata":{"trusted":true},"cell_type":"code","source":"#Fill NAs\nnew_train = x_train.fillna(method='ffill')\nnew_test = x_test.fillna(method='ffill')","execution_count":null,"outputs":[]},{"metadata":{"trusted":true},"cell_type":"code","source":"from sklearn.tree import DecisionTreeClassifier as DTree\n\nclassifier = DTree(random_state = 0)\nclassifier.fit(x_train, y)\npredictions = classifier.predict(x_test)","execution_count":null,"outputs":[]},{"metadata":{"trusted":true},"cell_type":"code","source":"from sklearn.ensemble import AdaBoostClassifier\nclf = AdaBoostClassifier(random_state = 1)\nclf.fit(x_train, y)\npred = clf.predict(x_test)","execution_count":null,"outputs":[]},{"metadata":{"trusted":true},"cell_type":"code","source":"from sklearn.naive_bayes import GaussianNB\nmodel = GaussianNB()\nmodel.fit(x_train, y)\nnaive_pred = model.predict(x_test)","execution_count":null,"outputs":[]},{"metadata":{"trusted":true},"cell_type":"code","source":"output = pd.DataFrame({'PassengerId': test.PassengerId, 'Survived': predictions})\noutput.to_csv('DTreewithoutAge.csv', index=False)\nprint(\"Your submission was successfully saved!\")\n","execution_count":null,"outputs":[]},{"metadata":{"trusted":true},"cell_type":"code","source":"","execution_count":null,"outputs":[]}],"metadata":{"kernelspec":{"language":"python","display_name":"Python 3","name":"python3"},"language_info":{"pygments_lexer":"ipython3","nbconvert_exporter":"python","version":"3.6.4","file_extension":".py","codemirror_mode":{"name":"ipython","version":3},"name":"python","mimetype":"text/x-python"}},"nbformat":4,"nbformat_minor":4}